2 0.809375 0.48203125 0.1203125 0.13125
2 0.653125 0.5421875 0.096875 0.0890625
2 0.45859375 0.46328125 0.1546875 0.0984375
2 0.32578125 0.409375 0.146875 0.1015625
2 0.25625 0.2921875 0.115625 0.2109375
2 0.08125 0.38125 0.08125 0.084375
2 0.35234375 0.56015625 0.05625 0.034375
2 0.440625 0.55078125 0.075 0.0828125
2 0.5125 0.5515625 0.0578125 0.0515625
2 0.7640625 0.65703125 0.0828125 0.075
2 0.91953125 0.54453125 0.1171875 0.1140625
2 0.96875 0.4453125 0.0625 0.109375
2 0.68671875 0.46796875 0.0671875 0.0734375