2 0.50390625 0.51015625 0.1078125 0.08671875
2 0.7 0.58828125 0.16796875 0.08203125
2 0.309375 0.3609375 0.07421875 0.1109375
2 0.453125 0.14375 0.04453125 0.08984375
2 0.1875 0.5984375 0.11171875 0.1265625
2 0.409375 0.46796875 0.0515625 0.13046875
2 0.8484375 0.6109375 0.06953125 0.07890625
2 0.93203125 0.69375 0.0890625 0.06875
2 0.60859375 0.4578125 0.04921875 0.0484375
2 0.90546875 0.4015625 0.04296875 0.0515625
2 0.9671875 0.61640625 0.065625 0.09453125
2 0.17421875 0.4984375 0.0828125 0.0484375
2 0.18828125 0.46875 0.07109375 0.05625