2 0.403125 0.3953125 0.0796875 0.0671875
2 0.3453125 0.5171875 0.10546875 0.08828125
2 0.246875 0.359375 0.103125 0.07734375
2 0.19765625 0.425 0.0703125 0.09296875
2 0.18984375 0.54453125 0.103125 0.09765625
2 0.13203125 0.87734375 0.1390625 0.2453125
2 0.578125 0.4640625 0.07265625 0.0546875
2 0.51015625 0.64921875 0.1140625 0.09453125
2 0.49375 0.503125 0.05546875 0.0546875
2 0.7890625 0.40703125 0.0296875 0.0625
2 0.63359375 0.471875 0.03359375 0.059375
2 0.671875 0.58671875 0.034375 0.0484375
2 0.89375 0.790625 0.10703125 0.12734375