2 0.1890625 0.56171875 0.103125 0.1046875
2 0.35234375 0.78671875 0.11875 0.1328125
2 0.553125 0.56171875 0.1203125 0.0796875
2 0.57265625 0.4328125 0.09375 0.065625
2 0.653125 0.56640625 0.0625 0.078125
2 0.8078125 0.33671875 0.1328125 0.171875
2 0.40859375 0.359375 0.0625 0.05
2 0.45546875 0.4203125 0.0546875 0.05625
2 0.43203125 0.60703125 0.046875 0.0515625
2 0.6328125 0.7078125 0.0765625 0.0671875
2 0.57109375 0.6234375 0.05625 0.053125
2 0.75625 0.109375 0.096875 0.1125
2 0.8203125 0.17734375 0.090625 0.0796875
2 0.85078125 0.23515625 0.090625 0.05625
2 0.675 0.375 0.0828125 0.0609375