2 0.6140625 0.43125 0.0828125 0.0671875
2 0.44453125 0.55390625 0.1296875 0.1265625
2 0.38125 0.378125 0.0796875 0.0875
2 0.3984375 0.2578125 0.10625 0.08125
2 0.31015625 0.23828125 0.078125 0.1140625
2 0.67109375 0.7953125 0.1 0.10625
2 0.246875 0.8796875 0.1375 0.153125
2 0.1140625 0.7 0.1703125 0.203125
2 0.5 0.95078125 0.128125 0.0984375
2 0.5546875 0.4921875 0.053125 0.053125
2 0.5359375 0.609375 0.0484375 0.0578125
2 0.50859375 0.31875 0.0484375 0.0546875
2 0.51015625 0.2328125 0.0578125 0.053125
2 0.53828125 0.02265625 0.0828125 0.0453125
2 0.4609375 0.39765625 0.06875 0.0625
2 0.4515625 0.325 0.059375 0.0765625
2 0.14453125 0.26875 0.14375 0.1234375
2 0.303125 0.58359375 0.1078125 0.1