2 0.54375 0.16484375 0.09921875 0.07421875
2 0.725 0.4578125 0.0953125 0.07578125
2 0.540625 0.5171875 0.0703125 0.10625
2 0.41328125 0.5109375 0.07421875 0.06953125
2 0.378125 0.6984375 0.10703125 0.1140625
2 0.709375 0.8890625 0.1828125 0.14609375
2 0.8765625 0.6765625 0.075 0.07265625
2 0.93515625 0.72890625 0.1265625 0.1265625
2 0.603125 0.6359375 0.11875 0.08359375
2 0.121875 0.6671875 0.09765625 0.07265625
2 0.25390625 0.66484375 0.05703125 0.06875
2 0.19921875 0.6375 0.04921875 0.065625
2 0.1359375 0.58984375 0.0265625 0.0484375
2 0.0453125 0.61015625 0.090625 0.0796875