2 0.4265625 0.4671875 0.1125 0.1546875
2 0.11953125 0.425 0.0875 0.084375
2 0.39609375 0.62890625 0.0734375 0.1046875
2 0.5734375 0.78515625 0.084375 0.10625
2 0.56875 0.6609375 0.0734375 0.0875
2 0.49375 0.7515625 0.0546875 0.053125
2 0.48203125 0.81640625 0.05 0.034375
2 0.4734375 0.87890625 0.065625 0.0546875
2 0.6171875 0.95390625 0.1125 0.0921875
2 0.74765625 0.2890625 0.159375 0.1890625
2 0.58359375 0.34140625 0.071875 0.0890625
2 0.46640625 0.21015625 0.06875 0.0765625
2 0.3 0.56171875 0.0890625 0.053125