2 0.8 0.5765625 0.10078125 0.1140625
2 0.65859375 0.4875 0.08359375 0.07421875
2 0.45234375 0.528125 0.14453125 0.07109375
2 0.31171875 0.55546875 0.13359375 0.07734375
2 0.22109375 0.6578125 0.0796875 0.19921875
2 0.06640625 0.53671875 0.06796875 0.07265625
2 0.36640625 0.4125 0.05234375 0.02578125
2 0.4515625 0.4390625 0.0625 0.07265625
2 0.521875 0.4515625 0.04921875 0.0421875
2 0.7890625 0.39609375 0.071875 0.0625
2 0.9203125 0.53671875 0.09921875 0.09765625
2 0.96328125 0.64609375 0.0734375 0.09765625
2 0.67734375 0.5671875 0.05546875 0.0640625