2 0.1796875 0.60703125 0.0921875 0.1125
2 0.5015625 0.72890625 0.0921875 0.1078125
2 0.525 0.53671875 0.1171875 0.0890625
2 0.49453125 0.4125 0.08125 0.0875
2 0.671875 0.3421875 0.1328125 0.1265625
2 0.915625 0.63046875 0.16875 0.2078125
2 0.7453125 0.8359375 0.084375 0.0875
2 0.8078125 0.88359375 0.1484375 0.1484375
2 0.653125 0.575 0.10625 0.1328125
2 0.5921875 0.096875 0.0890625 0.109375
2 0.61484375 0.22734375 0.078125 0.06875
2 0.57734375 0.178125 0.0734375 0.0609375
2 0.51875 0.12578125 0.053125 0.0359375
2 0.52109375 0.0421875 0.0953125 0.084375