2 0.4078125 0.60859375 0.0765625 0.0875
2 0.5359375 0.6515625 0.1 0.115625
2 0.39140625 0.76875 0.090625 0.1125
2 0.4625 0.809375 0.1015625 0.08125
2 0.58203125 0.80234375 0.109375 0.1140625
2 0.89453125 0.81953125 0.2109375 0.1671875
2 0.4546875 0.4265625 0.0625 0.078125
2 0.646875 0.471875 0.10625 0.125
2 0.50390625 0.50546875 0.0609375 0.0625
2 0.37265625 0.22421875 0.065625 0.0375
2 0.45546875 0.37109375 0.0625 0.040625
2 0.56484375 0.31875 0.0515625 0.040625
2 0.740625 0.0734375 0.140625 0.1203125