2 0.6453125 0.78203125 0.090625 0.0875
2 0.81640625 0.56328125 0.1171875 0.1
2 0.54453125 0.43203125 0.0578125 0.1125
2 0.415625 0.44921875 0.05 0.0859375
2 0.521875 0.334375 0.0703125 0.05
2 0.25859375 0.24921875 0.15625 0.103125
2 0.390625 0.6265625 0.0390625 0.05625
2 0.4359375 0.56484375 0.0484375 0.046875
2 0.621875 0.5359375 0.0453125 0.0390625
2 0.66328125 0.315625 0.0546875 0.0671875
2 0.59921875 0.3984375 0.0453125 0.0484375
2 0.05390625 0.36171875 0.1 0.078125
2 0.1015625 0.28125 0.065625 0.08125
2 0.1484375 0.2359375 0.040625 0.0859375
2 0.33125 0.365625 0.046875 0.0765625