2 0.521875 0.42265625 0.14453125 0.09453125
2 0.52109375 0.1125 0.0734375 0.07890625
2 0.3578125 0.41484375 0.096875 0.0609375
2 0.228125 0.6125 0.09765625 0.07265625
2 0.35 0.590625 0.0796875 0.0625
2 0.25 0.52890625 0.04609375 0.0484375
2 0.184375 0.5265625 0.02890625 0.046875
2 0.12109375 0.5265625 0.04765625 0.059375
2 0.0609375 0.68046875 0.08984375 0.1015625
2 0.74296875 0.715625 0.17109375 0.13828125
2 0.66875 0.5609375 0.08046875 0.0609375
2 0.78203125 0.4265625 0.06796875 0.059375
2 0.4109375 0.3109375 0.0421875 0.08359375