2 0.4671875 0.83671875 0.1140625 0.0953125
2 0.709375 0.59140625 0.109375 0.09375
2 0.54375 0.4921875 0.0921875 0.11875
2 0.41796875 0.46953125 0.0890625 0.084375
2 0.42578125 0.27890625 0.1296875 0.134375
2 0.79140625 0.16796875 0.2109375 0.184375
2 0.90625 0.4125 0.0890625 0.0875
2 0.95 0.37421875 0.1 0.1515625
2 0.63125 0.390625 0.134375 0.109375
2 0.16953125 0.25234375 0.1109375 0.0921875
2 0.29765625 0.284375 0.0703125 0.0796875
2 0.2375 0.2984375 0.0640625 0.075
2 0.165625 0.33046875 0.0375 0.053125
2 0.08203125 0.290625 0.10625 0.0984375