2 0.3875 0.5875 0.0734375 0.0859375
2 0.50390625 0.65546875 0.096875 0.1140625
2 0.3375 0.73984375 0.0875 0.109375
2 0.39921875 0.79453125 0.1 0.078125
2 0.5171875 0.8125 0.10625 0.1109375
2 0.84375 0.89921875 0.25625 0.159375
2 0.47109375 0.41875 0.0609375 0.0765625
2 0.64921875 0.503125 0.103125 0.121875
2 0.50234375 0.50625 0.059375 0.0609375
2 0.4328125 0.20390625 0.065625 0.034375
2 0.48359375 0.36484375 0.0625 0.0390625
2 0.6015625 0.33671875 0.0515625 0.0390625
2 0.82421875 0.1328125 0.1375 0.1171875