2 0.80703125 0.4609375 0.1125 0.125
2 0.65625 0.53203125 0.0921875 0.084375
2 0.45625 0.46640625 0.1515625 0.0890625
2 0.31953125 0.421875 0.1421875 0.09375
2 0.2421875 0.309375 0.103125 0.2078125
2 0.07421875 0.4109375 0.0765625 0.0796875
2 0.35703125 0.5703125 0.05625 0.03125
2 0.44453125 0.5546875 0.0703125 0.0796875
2 0.515625 0.55078125 0.0546875 0.0484375
2 0.77421875 0.63828125 0.0796875 0.0703125
2 0.921875 0.51484375 0.1109375 0.1078125
2 0.9671875 0.41171875 0.065625 0.1046875
2 0.684375 0.4546875 0.0640625 0.0703125