2 0.6125 0.57109375 0.08125 0.0671875
2 0.4453125 0.4453125 0.128125 0.125
2 0.3796875 0.6203125 0.0796875 0.0875
2 0.39453125 0.73984375 0.1046875 0.0796875
2 0.30546875 0.7578125 0.0765625 0.1125
2 0.6765625 0.2078125 0.0984375 0.1046875
2 0.253125 0.115625 0.1359375 0.153125
2 0.11796875 0.29296875 0.1671875 0.2015625
2 0.50703125 0.0484375 0.1265625 0.096875
2 0.55390625 0.509375 0.053125 0.053125
2 0.53828125 0.390625 0.0484375 0.0578125
2 0.5046875 0.68203125 0.046875 0.0546875
2 0.50546875 0.7671875 0.05625 0.0515625
2 0.53046875 0.97734375 0.0828125 0.0453125
2 0.459375 0.6015625 0.0671875 0.0625
2 0.4484375 0.6734375 0.0578125 0.0765625
2 0.140625 0.725 0.1421875 0.121875
2 0.30390625 0.4125 0.10625 0.1