0 0.94140625 0.33203125 0.0859375 0.1359375
0 0.765625 0.3578125 0.1359375 0.10078125
0 0.8484375 0.4203125 0.1375 0.07578125
0 0.6875 0.30546875 0.1078125 0.07421875
0 0.46484375 0.409375 0.14296875 0.08125
0 0.36171875 0.5546875 0.09609375 0.05
0 0.2234375 0.503125 0.10078125 0.0734375
0 0.7796875 0.60625 0.13125 0.08125
0 0.9375 0.6734375 0.125 0.09140625
0 0.2734375 0.73984375 0.0703125 0.0734375
0 0.16328125 0.6703125 0.06796875 0.078125
0 0.08828125 0.54453125 0.07421875 0.103125
0 0.08125 0.6078125 0.0890625 0.08125
0 0.075 0.73046875 0.08046875 0.0828125
0 0.21328125 0.88125 0.06640625 0.084375
0 0.29921875 0.91796875 0.07890625 0.0953125
0 0.46484375 0.82578125 0.084375 0.06953125
0 0.628125 0.434375 0.109375 0.0609375