0 0.57265625 0.9546875 0.1515625 0.090625
0 0.58359375 0.7890625 0.1265625 0.153125
0 0.50546875 0.85703125 0.1015625 0.15
0 0.6515625 0.72421875 0.0953125 0.1203125
0 0.59609375 0.484375 0.109375 0.1578125
0 0.475 0.353125 0.06875 0.1046875
0 0.5546875 0.22890625 0.0921875 0.1125
0 0.33828125 0.7515625 0.10625 0.1453125
0 0.2390625 0.8921875 0.1140625 0.140625
0 0.3125 0.22890625 0.0859375 0.084375
0 0.403125 0.13515625 0.090625 0.0828125
0 0.5421875 0.08828125 0.1171875 0.0953125
0 0.48125 0.06796875 0.0984375 0.1046875
0 0.36328125 0.0421875 0.0984375 0.084375
0 0.18671875 0.140625 0.096875 0.08125
0 0.1328125 0.21640625 0.109375 0.096875
0 0.18828125 0.39765625 0.084375 0.096875
0 0.5375 0.6390625 0.0828125 0.1203125