6 0.55390625 0.59296875 0.07109375 0.11875
6 0.821875 0.08046875 0.0609375 0.10703125
6 0.97421875 0.23125 0.02734375 0.18125
6 0.89375 0.24453125 0.05078125 0.1671875
6 0.090625 0.65078125 0.12265625 0.04296875
6 0.38671875 0.71171875 0.0515625 0.1453125
6 0.21015625 0.45078125 0.03125 0.128125
6 0.25625 0.32265625 0.0671875 0.04609375
6 0.51796875 0.303125 0.0328125 0.1234375
6 0.62578125 0.10703125 0.07265625 0.0375
6 0.79140625 0.30859375 0.0609375 0.09921875
6 0.740625 0.49609375 0.06328125 0.16875
6 0.5453125 0.50078125 0.08203125 0.09296875