6 0.4578125 0.59921875 0.0859375 0.1265625
6 0.1296875 0.12265625 0.0734375 0.1125
6 0.0109375 0.29140625 0.021875 0.1828125
6 0.078125 0.29453125 0.0703125 0.171875
6 0.925 0.6 0.1265625 0.0578125
6 0.63828125 0.69609375 0.06875 0.15
6 0.78203125 0.415625 0.046875 0.13125
6 0.7203125 0.29453125 0.071875 0.0546875
6 0.4578125 0.30703125 0.046875 0.1265625
6 0.32734375 0.125 0.0765625 0.0453125
6 0.1875 0.3453125 0.0734375 0.10625
6 0.2609375 0.52578125 0.0828125 0.175
6 0.45546875 0.50625 0.0921875 0.103125