6 0.34296875 0.59140625 0.1265625 0.140625
6 0.25234375 0.61875 0.128125 0.121875
6 0.14375 0.7296875 0.084375 0.1578125
6 0.09921875 0.65546875 0.1140625 0.0984375
6 0.43359375 0.14609375 0.146875 0.13125
6 0.87421875 0.2359375 0.0921875 0.134375
6 0.80390625 0.1484375 0.1171875 0.1234375
6 0.90546875 0.48125 0.1046875 0.1203125
6 0.95234375 0.3890625 0.0953125 0.14375
6 0.90390625 0.66171875 0.13125 0.1046875
6 0.7421875 0.85546875 0.1140625 0.13125
6 0.78359375 0.425 0.08125 0.1171875
6 0.51875 0.26015625 0.0953125 0.0765625
6 0.25 0.2046875 0.14375 0.109375
6 0.2015625 0.33203125 0.175 0.1015625
6 0.36953125 0.728125 0.1609375 0.109375
6 0.6078125 0.5296875 0.175 0.1484375
6 0.41484375 0.32421875 0.1421875 0.1328125
6 0.30546875 0.4859375 0.09375 0.1328125