6 0.61015625 0.23515625 0.1203125 0.084375
6 0.0828125 0.54453125 0.0953125 0.0671875
6 0.3375 0.4921875 0.1234375 0.0859375
6 0.146875 0.18359375 0.078125 0.109375
6 0.61484375 0.86171875 0.175 0.09375
6 0.58046875 0.76953125 0.1328125 0.0734375
6 0.44453125 0.70859375 0.090625 0.1515625
6 0.309375 0.6921875 0.1046875 0.121875
6 0.3828125 0.596875 0.115625 0.0828125
6 0.76640625 0.51640625 0.1078125 0.0515625
6 0.7140625 0.65625 0.0734375 0.0859375
6 0.61953125 0.6390625 0.084375 0.0890625
6 0.528125 0.53359375 0.0375 0.134375
6 0.58203125 0.4234375 0.1234375 0.0546875