6 0.190625 0.125 0.046875 0.13046875
6 0.8296875 0.8828125 0.1171875 0.046875
6 0.81328125 0.7796875 0.1375 0.0484375
6 0.8546875 0.715625 0.10625 0.046875
6 0.8375 0.31796875 0.1390625 0.0703125
6 0.79765625 0.390625 0.12578125 0.05546875
6 0.31875 0.96328125 0.1375 0.05859375
6 0.62109375 0.9359375 0.06875 0.12578125
6 0.46953125 0.8625 0.0703125 0.090625
6 0.3625 0.77578125 0.0484375 0.1609375
6 0.18515625 0.88359375 0.1046875 0.121875
6 0.24375 0.7453125 0.11328125 0.05546875
6 0.1671875 0.5859375 0.10625 0.05859375
6 0.128125 0.46328125 0.09453125 0.0984375
6 0.17890625 0.35859375 0.07890625 0.09921875
6 0.38828125 0.0734375 0.13359375 0.05234375
6 0.29453125 0.17734375 0.08125 0.1171875
6 0.57578125 0.428125 0.1125 0.12421875
6 0.5796875 0.34296875 0.128125 0.0421875
6 0.74296875 0.24765625 0.10546875 0.0734375
6 0.590625 0.66328125 0.109375 0.1109375
6 0.4546875 0.70078125 0.06875 0.1390625
6 0.39375 0.57421875 0.13671875 0.10234375
6 0.37109375 0.40078125 0.1640625 0.0703125