6 0.13515625 0.05078125 0.06875 0.10078125
6 0.09609375 0.61171875 0.0515625 0.08671875
6 0.0515625 0.49609375 0.04140625 0.05859375
6 0.1109375 0.3 0.03046875 0.10390625
6 0.28828125 0.525 0.03125 0.08671875
6 0.334375 0.5984375 0.02578125 0.09453125
6 0.90703125 0.87890625 0.0375 0.10390625
6 0.803125 0.60703125 0.03984375 0.06796875
6 0.596875 0.7703125 0.025 0.08515625
6 0.7078125 0.6078125 0.06953125 0.08203125
6 0.5953125 0.5296875 0.046875 0.07109375
6 0.459375 0.46953125 0.0546875 0.07421875