6 0.60546875 0.23359375 0.11953125 0.0828125
6 0.08359375 0.5515625 0.09296875 0.06484375
6 0.3375 0.4953125 0.121875 0.08515625
6 0.14140625 0.18984375 0.07578125 0.10703125
6 0.62109375 0.859375 0.17265625 0.08984375
6 0.58515625 0.76796875 0.13125 0.07265625
6 0.4484375 0.709375 0.08671875 0.14921875
6 0.3125 0.6953125 0.10234375 0.1203125
6 0.384375 0.59921875 0.1140625 0.08125
6 0.76640625 0.51171875 0.10625 0.05078125
6 0.71640625 0.65234375 0.07265625 0.08359375
6 0.621875 0.63671875 0.0828125 0.08671875
6 0.52890625 0.5328125 0.0359375 0.134375
6 0.58046875 0.421875 0.121875 0.05390625