6 0.121875 0.95390625 0.0515625 0.0859375
6 0.0828125 0.71875 0.046875 0.1015625
6 0.090625 0.49375 0.0546875 0.0546875
6 0.83359375 0.80234375 0.05625 0.06875
6 0.76796875 0.6765625 0.05625 0.0515625
6 0.48671875 0.54140625 0.08125 0.053125
6 0.53828125 0.50078125 0.078125 0.05625
6 0.546875 0.71328125 0.053125 0.0453125
6 0.54921875 0.66484375 0.034375 0.0625
6 0.5828125 0.7203125 0.0328125 0.065625
6 0.75859375 0.81953125 0.059375 0.0765625
6 0.68515625 0.828125 0.0515625 0.071875
6 0.6 0.85703125 0.0578125 0.0703125
6 0.5359375 0.828125 0.0671875 0.0484375
6 0.40078125 0.81953125 0.103125 0.0625
6 0.340625 0.84921875 0.0921875 0.05625