6 0.1765625 0.7109375 0.0421875 0.078125
6 0.7953125 0.60078125 0.0765625 0.071875
6 0.26875 0.88203125 0.046875 0.0765625
6 0.75078125 0.01328125 0.0578125 0.0265625
6 0.728125 0.05703125 0.0640625 0.0734375
6 0.41171875 0.9359375 0.0546875 0.084375
6 0.4109375 0.684375 0.0453125 0.075
6 0.51328125 0.86953125 0.04375 0.0765625
6 0.5171875 0.10703125 0.053125 0.08125
6 0.56875 0.0140625 0.078125 0.028125
6 0.58671875 0.51328125 0.03125 0.053125
6 0.3765625 0.3453125 0.0828125 0.0875
6 0.06875 0.81640625 0.0453125 0.1
6 0.30234375 0.4796875 0.040625 0.0640625
6 0.44375 0.55390625 0.034375 0.0640625
6 0.5265625 0.4546875 0.0390625 0.05
6 0.56171875 0.584375 0.0390625 0.0578125
6 0.6625 0.8671875 0.040625 0.0640625
6 0.11640625 0.42421875 0.03125 0.0625
6 0.18671875 0.58046875 0.0359375 0.0578125
6 0.34765625 0.8421875 0.0390625 0.0859375
6 0.2921875 0.246875 0.05 0.0859375
6 0.04609375 0.35859375 0.040625 0.0703125