6 0.54765625 0.2796875 0.0640625 0.209375
6 0.5265625 0.11953125 0.0421875 0.1484375
6 0.71015625 0.24375 0.0640625 0.1328125
6 0.8625 0.8953125 0.0828125 0.128125
6 0.359375 0.5625 0.065625 0.1796875
6 0.47109375 0.7375 0.04375 0.184375
6 0.42109375 0.76328125 0.090625 0.1453125
6 0.621875 0.92265625 0.075 0.096875
6 0.74375 0.08359375 0.034375 0.1671875
6 0.50703125 0.328125 0.06875 0.146875
6 0.509375 0.5125 0.0625 0.140625
6 0.571875 0.61875 0.0453125 0.1984375
6 0.64921875 0.39140625 0.046875 0.178125
6 0.6359375 0.60625 0.0515625 0.2078125
6 0.675 0.73828125 0.0578125 0.08125
6 0.81171875 0.496875 0.0734375 0.2875
6 0.76015625 0.46328125 0.0640625 0.26875