6 0.934375 0.28984375 0.13125 0.0765625
6 0.0484375 0.72734375 0.0734375 0.125
6 0.153125 0.7359375 0.0796875 0.1453125
6 0.2046875 0.7921875 0.071875 0.1140625
6 0.5953125 0.871875 0.1015625 0.1515625
6 0.534375 0.815625 0.084375 0.134375
6 0.09453125 0.21171875 0.090625 0.1484375
6 0.0578125 0.5109375 0.115625 0.096875
6 0.15546875 0.3828125 0.1046875 0.090625
6 0.265625 0.3 0.1671875 0.0859375
6 0.20390625 0.1015625 0.14375 0.13125
6 0.32421875 0.1921875 0.08125 0.1234375
6 0.496875 0.15625 0.0828125 0.1171875
6 0.62578125 0.1484375 0.11875 0.1140625
6 0.71484375 0.22265625 0.115625 0.1
6 0.940625 0.49453125 0.084375 0.14375
6 0.8625 0.37890625 0.1328125 0.1078125
6 0.5515625 0.590625 0.1484375 0.1390625
6 0.6328125 0.615625 0.071875 0.134375
6 0.6859375 0.796875 0.096875 0.1203125
6 0.31953125 0.5484375 0.134375 0.1328125
6 0.31640625 0.4078125 0.1515625 0.1
6 0.45390625 0.37890625 0.1328125 0.1578125
6 0.62734375 0.39921875 0.1078125 0.1765625