6 0.3859375 0.16875 0.065625 0.05
6 0.56953125 0.546875 0.0609375 0.0640625
6 0.7375 0.459375 0.0671875 0.0984375
6 0.61953125 0.43359375 0.08125 0.0546875
6 0.78515625 0.4046875 0.0625 0.16875
6 0.78203125 0.053125 0.1015625 0.10625
6 0.86640625 0.2796875 0.096875 0.0578125
6 0.88359375 0.453125 0.08125 0.05625
6 0.853125 0.90078125 0.071875 0.0828125
6 0.77421875 0.8546875 0.0671875 0.1046875
6 0.6984375 0.65546875 0.078125 0.071875
6 0.759375 0.56015625 0.0703125 0.06875
6 0.5125 0.14765625 0.0734375 0.0625
6 0.58125 0.23828125 0.0625 0.0890625
6 0.66171875 0.09921875 0.0828125 0.05
6 0.68515625 0.1984375 0.078125 0.05625
6 0.6890625 0.33828125 0.08125 0.0578125