6 0.85859375 0.415625 0.109375 0.1
6 0.91796875 0.46875 0.0796875 0.096875
6 0.82109375 0.52109375 0.125 0.1078125
6 0.09453125 0.325 0.109375 0.0796875
6 0.23125 0.4640625 0.065625 0.0859375
6 0.09765625 0.584375 0.1625 0.1140625
6 0.29921875 0.58046875 0.134375 0.0953125
6 0.41328125 0.76171875 0.1328125 0.128125
6 0.4734375 0.93515625 0.128125 0.1046875
6 0.7234375 0.78828125 0.1625 0.1234375
6 0.69609375 0.678125 0.1328125 0.0921875
6 0.57421875 0.40703125 0.1453125 0.09375
6 0.43828125 0.4859375 0.134375 0.11875