6 0.24453125 0.6453125 0.071875 0.0796875
6 0.45546875 0.6625 0.0703125 0.096875
6 0.08671875 0.58125 0.1015625 0.1078125
6 0.61484375 0.415625 0.0640625 0.0984375
6 0.3578125 0.459375 0.065625 0.103125
6 0.5484375 0.0734375 0.0625 0.0890625
6 0.625 0.81640625 0.103125 0.1
6 0.71015625 0.61015625 0.059375 0.0984375
6 0.71796875 0.8515625 0.090625 0.0890625
6 0.64453125 0.64609375 0.05 0.0484375
6 0.96796875 0.4546875 0.0640625 0.109375
6 0.46953125 0.26015625 0.121875 0.08125
6 0.55390625 0.7546875 0.065625 0.0890625
6 0.4359375 0.9625 0.10625 0.075