6 0.546875 0.74453125 0.0796875 0.0875
6 0.36875 0.66640625 0.078125 0.1140625
6 0.84140625 0.42109375 0.075 0.0953125
6 0.6234375 0.7 0.0734375 0.090625
6 0.17890625 0.8375 0.06875 0.1078125
6 0.94453125 0.1890625 0.1109375 0.125
6 0.65 0.490625 0.05625 0.0640625
6 0.71640625 0.60546875 0.0921875 0.096875
6 0.38359375 0.396875 0.05 0.0640625
6 0.54375 0.5296875 0.0734375 0.0796875
6 0.45390625 0.69140625 0.04375 0.0421875
6 0.0359375 0.70078125 0.05 0.0546875
6 0.23984375 0.46484375 0.0328125 0.028125
6 0.44140625 0.475 0.03125 0.0328125
6 0.39921875 0.553125 0.0390625 0.0265625