6 0.415625 0.825 0.06171875 0.08203125
6 0.62890625 0.47578125 0.0390625 0.0921875
6 0.69765625 0.28125 0.0515625 0.1015625
6 0.65546875 0.7609375 0.0609375 0.0765625
6 0.225 0.4671875 0.03984375 0.1
6 0.4640625 0.59921875 0.0515625 0.05703125
6 0.4609375 0.2984375 0.0546875 0.11875
6 0.778125 0.33125 0.0515625 0.1109375
6 0.17421875 0.3609375 0.06328125 0.09375
6 0.64296875 0.13671875 0.06328125 0.08046875
6 0.97109375 0.4 0.03671875 0.12578125
6 0.3796875 0.25546875 0.08046875 0.12265625
6 0.10859375 0.3265625 0.05859375 0.08828125