6 0.084375 0.77578125 0.05625 0.06875
6 0.13671875 0.64765625 0.0328125 0.059375
6 0.16015625 0.7078125 0.0328125 0.0765625
6 0.26953125 0.7296875 0.053125 0.046875
6 0.29296875 0.6734375 0.05 0.059375
6 0.234375 0.62734375 0.040625 0.0640625
6 0.8171875 0.5453125 0.04375 0.0828125
6 0.73046875 0.759375 0.0234375 0.0546875
6 0.7234375 0.85546875 0.034375 0.0765625
6 0.57109375 0.903125 0.028125 0.06875
6 0.6625 0.50546875 0.028125 0.0828125
6 0.59453125 0.6265625 0.0390625 0.071875
6 0.48671875 0.77421875 0.0578125 0.078125
6 0.39921875 0.75390625 0.0265625 0.053125
6 0.37265625 0.6546875 0.0265625 0.0640625
6 0.30703125 0.54296875 0.0484375 0.040625
6 0.18984375 0.5625 0.0578125 0.0390625