6 0.24609375 0.078125 0.1625 0.1078125
6 0.53359375 0.0734375 0.121875 0.10390625
6 0.3765625 0.921875 0.15859375 0.1546875
6 0.1859375 0.9390625 0.27578125 0.1140625
6 0.13671875 0.6796875 0.14765625 0.14140625
6 0.38984375 0.546875 0.09765625 0.17265625
6 0.83671875 0.6640625 0.17578125 0.1203125
6 0.80859375 0.84609375 0.1625 0.146875
6 0.39296875 0.70859375 0.2515625 0.08984375
6 0.8234375 0.43203125 0.08046875 0.13515625
6 0.74453125 0.215625 0.121875 0.14140625
6 0.31171875 0.428125 0.19765625 0.1140625