6 0.4359375 0.340625 0.10234375 0.05390625
6 0.75625 0.93203125 0.1125 0.0890625
6 0.496875 0.2265625 0.0828125 0.08671875
6 0.53046875 0.54921875 0.1140625 0.0640625
6 0.28203125 0.53203125 0.06328125 0.0515625
6 0.2375 0.61171875 0.0515625 0.046875
6 0.1984375 0.7296875 0.128125 0.05703125
6 0.1546875 0.796875 0.08515625 0.06171875
6 0.8453125 0.45234375 0.0453125 0.0640625
6 0.80625 0.50703125 0.05078125 0.0453125
6 0.07421875 0.5078125 0.0390625 0.04375
6 0.059375 0.69765625 0.053125 0.0453125