6 0.80546875 0.63984375 0.090625 0.075
6 0.4984375 0.36875 0.096875 0.0546875
6 0.31875 0.2671875 0.109375 0.06875
6 0.78359375 0.3921875 0.0859375 0.0734375
6 0.4203125 0.76484375 0.10625 0.0578125
6 0.59140625 0.55234375 0.0640625 0.0609375
6 0.29453125 0.503125 0.1265625 0.075
6 0.38203125 0.196875 0.11875 0.0703125
6 0.30625 0.796875 0.103125 0.0796875
6 0.1671875 0.29609375 0.090625 0.075
6 0.48359375 0.02421875 0.1296875 0.0484375
6 0.23828125 0.57578125 0.134375 0.1015625
6 0.2609375 0.85546875 0.096875 0.0734375