6 0.21953125 0.5890625 0.05859375 0.06875
6 0.42265625 0.65 0.053125 0.08828125
6 0.07890625 0.49375 0.084375 0.0921875
6 0.6296875 0.44140625 0.04765625 0.09140625
6 0.36953125 0.43046875 0.04609375 0.0953125
6 0.6359375 0.09296875 0.046875 0.08203125
6 0.55625 0.83515625 0.08671875 0.084375
6 0.6828125 0.6515625 0.040625 0.0921875
6 0.63984375 0.8890625 0.0765625 0.07421875
6 0.6109375 0.67265625 0.0421875 0.040625
6 0.971875 0.5546875 0.0515625 0.1015625
6 0.5203125 0.259375 0.11171875 0.059375
6 0.5 0.76015625 0.05 0.0796875
6 0.33828125 0.9546875 0.08984375 0.08671875