6 0.86796875 0.51484375 0.0984375 0.0859375
6 0.91640625 0.45078125 0.0671875 0.0890625
6 0.8109375 0.41796875 0.1125 0.0921875
6 0.13515625 0.74921875 0.103125 0.065625
6 0.24296875 0.58671875 0.0546875 0.0796875
6 0.0890625 0.49375 0.1515625 0.0921875
6 0.2875 0.459375 0.125 0.0765625
6 0.36484375 0.259375 0.11875 0.1109375
6 0.39140625 0.07734375 0.1171875 0.0875
6 0.66484375 0.17421875 0.15 0.103125
6 0.65859375 0.2875 0.1234375 0.0734375
6 0.590625 0.57734375 0.1359375 0.0734375
6 0.4421875 0.52578125 0.1203125 0.1015625