6 0.121875 0.17734375 0.1 0.1171875
6 0.16875 0.23359375 0.078125 0.090625
6 0.7796875 0.61484375 0.1078125 0.0703125
6 0.4515625 0.96328125 0.078125 0.0734375
6 0.340625 0.925 0.128125 0.1125
6 0.034375 0.70703125 0.06875 0.0828125
6 0.04375 0.6125 0.0875 0.1
6 0.10234375 0.696875 0.090625 0.11875
6 0.20703125 0.43828125 0.1078125 0.0875
6 0.1453125 0.49765625 0.0796875 0.090625
6 0.25625 0.671875 0.10625 0.1046875
6 0.4265625 0.82578125 0.096875 0.09375
6 0.61640625 0.953125 0.1234375 0.09375
6 0.6234375 0.85703125 0.096875 0.1
6 0.86875 0.8421875 0.0984375 0.1125
6 0.82109375 0.73203125 0.0671875 0.0921875
6 0.67421875 0.63125 0.1203125 0.071875
6 0.4953125 0.590625 0.0921875 0.078125
6 0.421875 0.66640625 0.090625 0.084375
6 0.265625 0.403125 0.090625 0.096875
6 0.246875 0.25078125 0.0921875 0.1140625
6 0.26015625 0.05 0.0859375 0.1
6 0.33359375 0.13828125 0.1 0.090625
6 0.4296875 0.16484375 0.078125 0.103125
6 0.4859375 0.2359375 0.0859375 0.08125
6 0.5296875 0.11640625 0.0890625 0.0640625
6 0.54375 0.3515625 0.071875 0.1203125
6 0.434375 0.3875 0.0828125 0.0875
6 0.61171875 0.49296875 0.0921875 0.090625
6 0.6078125 0.3875 0.0890625 0.103125
6 0.6765625 0.43203125 0.0796875 0.1078125
6 0.753125 0.36484375 0.084375 0.0953125
6 0.9453125 0.3328125 0.109375 0.078125
6 0.753125 0.25546875 0.1140625 0.0703125
6 0.84921875 0.240625 0.09375 0.0890625
6 0.96796875 0.19140625 0.0640625 0.0859375
6 0.5 0.5 1 1