6 0.58046875 0.73515625 0.071875 0.0796875
6 0.39296875 0.6828125 0.065625 0.1078125
6 0.8265625 0.37421875 0.0640625 0.0890625
6 0.65 0.68046875 0.0640625 0.084375
6 0.22890625 0.87890625 0.05625 0.1046875
6 0.90234375 0.12890625 0.1109375 0.1125
6 0.646875 0.46953125 0.05 0.059375
6 0.72890625 0.57421875 0.0828125 0.0890625
6 0.37109375 0.4140625 0.04375 0.059375
6 0.546875 0.52265625 0.065625 0.0734375
6 0.48125 0.69609375 0.0390625 0.0375
6 0.06875 0.76328125 0.0453125 0.0515625
6 0.2375 0.5015625 0.0296875 0.025
6 0.43828125 0.48359375 0.028125 0.03125
6 0.40703125 0.56640625 0.0375 0.021875