6 0.88125 0.0484375 0.08203125 0.0375
6 0.64296875 0.05078125 0.09765625 0.03125
6 0.42265625 0.09765625 0.046875 0.046875
6 0.85546875 0.77578125 0.0609375 0.04609375
6 0.7203125 0.73359375 0.04375 0.05078125
6 0.53828125 0.4796875 0.03984375 0.075
6 0.50703125 0.5375 0.04453125 0.07109375
6 0.71796875 0.509375 0.03671875 0.04609375
6 0.67109375 0.51953125 0.059375 0.025
6 0.73125 0.54296875 0.0625 0.02109375
6 0.859375 0.69921875 0.06875 0.0484375
6 0.85546875 0.625 0.06640625 0.040625
6 0.86875 0.53671875 0.0625 0.0484375
6 0.8296875 0.478125 0.0390625 0.0609375
6 0.79765625 0.346875 0.04609375 0.09609375
6 0.81640625 0.28203125 0.0421875 0.0859375