6 0.22578125 0.81953125 0.08125 0.0796875
6 0.184375 0.89609375 0.0453125 0.071875
6 0.2640625 0.63515625 0.040625 0.0734375
6 0.6796875 0.3140625 0.034375 0.0765625
6 0.55234375 0.684375 0.0296875 0.0609375
6 0.38203125 0.7828125 0.0359375 0.0640625
6 0.321875 0.878125 0.071875 0.059375
6 0.42421875 0.94375 0.0421875 0.0484375
6 0.35078125 0.2171875 0.05 0.046875
6 0.65625 0.4796875 0.04375 0.053125
6 0.06171875 0.875 0.0359375 0.0671875
6 0.73828125 0.62890625 0.046875 0.0484375
6 0.42421875 0.490625 0.0359375 0.0515625
6 0.63359375 0.2046875 0.0328125 0.0609375
6 0.753125 0.40859375 0.0390625 0.0625
6 0.21015625 0.42578125 0.0453125 0.0484375
6 0.48671875 0.55703125 0.06875 0.03125
6 0.54609375 0.3578125 0.0796875 0.04375
6 0.8140625 0.12109375 0.0515625 0.05
6 0.70625 0.4625 0.04375 0.0609375
6 0.07265625 0.33828125 0.0484375 0.0421875
6 0.525 0.62109375 0.0421875 0.0546875
6 0.365625 0.484375 0.075 0.0375
6 0.55234375 0.5046875 0.0421875 0.0375
6 0.71328125 0.53984375 0.0640625 0.0296875
6 0.178125 0.3546875 0.0796875 0.034375
6 0.67578125 0.14375 0.0609375 0.0515625
6 0.14453125 0.1703125 0.065625 0.0515625
6 0.984375 0.1234375 0.03125 0.0625
6 0.32421875 0.96640625 0.046875 0.0515625
6 0.428125 0.30234375 0.075 0.0265625
6 0.384375 0.121875 0.0765625 0.0375
6 0.4796875 0.02890625 0.0609375 0.0546875
6 0.9203125 0.42421875 0.0640625 0.0453125
6 0.59296875 0.8359375 0.0640625 0.0359375
6 0.240625 0.978125 0.0859375 0.028125
6 0.85546875 0.68125 0.0609375 0.0375
6 0.73203125 0.22421875 0.0609375 0.0484375
6 0.6453125 0.675 0.0640625 0.053125
6 0.38515625 0.40859375 0.0921875 0.053125