6 0.35 0.246875 0.0796875 0.0734375
6 0.33671875 0.45859375 0.096875 0.071875
6 0.41171875 0.08828125 0.109375 0.103125
6 0.5859375 0.61328125 0.0984375 0.065625
6 0.53828125 0.35703125 0.103125 0.0671875
6 0.92734375 0.540625 0.0890625 0.0640625
6 0.1859375 0.63046875 0.1015625 0.1046875
6 0.39375 0.7125 0.0984375 0.0609375
6 0.15234375 0.7234375 0.090625 0.0921875
6 0.35703125 0.646875 0.0484375 0.05
6 0.55234375 0.9671875 0.1109375 0.065625
6 0.7390625 0.465625 0.0828125 0.1234375
6 0.246875 0.55859375 0.0890625 0.0671875
6 0.03671875 0.44453125 0.0734375 0.1078125