6 0.6390625 0.13984375 0.07421875 0.0265625
6 0.66015625 0.76796875 0.06015625 0.065625
6 0.82578125 0.19453125 0.07265625 0.0328125
6 0.04453125 0.853125 0.08359375 0.03984375
6 0.1140625 0.815625 0.0640625 0.0515625
6 0.9078125 0.3234375 0.078125 0.0390625
6 0.66171875 0.37421875 0.0703125 0.03046875
6 0.8640625 0.4359375 0.071875 0.0296875
6 0.11953125 0.5984375 0.07578125 0.0390625
6 0.02421875 0.671875 0.0453125 0.0703125
6 0.53125 0.58203125 0.04921875 0.021875
6 0.3234375 0.41171875 0.07421875 0.06953125
6 0.1015625 0.0140625 0.0859375 0.02734375
6 0.71953125 0.0125 0.09765625 0.025
6 0.4390625 0.3109375 0.05859375 0.0296875
6 0.540625 0.43359375 0.0609375 0.02109375
6 0.4609375 0.53515625 0.0453125 0.0296875
6 0.5953125 0.54296875 0.05390625 0.02734375
6 0.89296875 0.5828125 0.05859375 0.0296875
6 0.34609375 0.140625 0.05859375 0.01796875
6 0.51328125 0.1765625 0.05390625 0.02421875
6 0.803125 0.2796875 0.0828125 0.02265625
6 0.209375 0.34921875 0.08046875 0.034375
6 0.2671875 0.08515625 0.06484375 0.02734375