6 0.66953125 0.1140625 0.0953125 0.0953125
6 0.6859375 0.03359375 0.059375 0.0671875
6 0.68671875 0.30234375 0.0546875 0.0796875
6 0.38203125 0.73046875 0.05 0.08125
6 0.39609375 0.33828125 0.0421875 0.0640625
6 0.5296875 0.1953125 0.05 0.06875
6 0.559375 0.0859375 0.0828125 0.071875
6 0.44296875 0.05390625 0.0515625 0.05625
6 0.72578125 0.7265625 0.0578125 0.05625
6 0.35625 0.56484375 0.0546875 0.0609375
6 0.809375 0.02421875 0.05 0.0484375
6 0.234375 0.446875 0.05625 0.05625
6 0.575 0.4875 0.046875 0.0578125
6 0.45859375 0.821875 0.0453125 0.065625
6 0.284375 0.6609375 0.0515625 0.06875
6 0.7984375 0.4859375 0.0546875 0.05625
6 0.4953125 0.44140625 0.071875 0.0453125
6 0.496875 0.64921875 0.0859375 0.059375
6 0.31015625 0.9546875 0.0609375 0.059375
6 0.3140625 0.59609375 0.05625 0.06875
6 0.95625 0.5296875 0.05625 0.0515625
6 0.440625 0.39140625 0.053125 0.0625
6 0.63359375 0.47578125 0.0796875 0.0515625
6 0.4484375 0.51015625 0.0484375 0.0453125
6 0.284375 0.525 0.0671875 0.04375
6 0.85 0.5453125 0.0828125 0.05
6 0.4359375 0.8921875 0.0703125 0.0640625
6 0.9359375 0.71171875 0.075 0.065625
6 0.140625 0.984375 0.05625 0.03125
6 0.53125 0.01640625 0.05625 0.0328125
6 0.6265625 0.66796875 0.078125 0.0421875
6 0.72109375 0.828125 0.08125 0.053125
6 0.65703125 0.94453125 0.071875 0.0671875
6 0.1203125 0.6953125 0.071875 0.0578125
6 0.3125 0.20546875 0.06875 0.05
6 0.10703125 0.43046875 0.0671875 0.05
6 0.35859375 0.83125 0.06875 0.059375
6 0.309375 0.37578125 0.0734375 0.065625
6 0.63671875 0.55390625 0.1 0.071875