6 0.27421875 0.6046875 0.0734375 0.0640625
6 0.30703125 0.4125 0.10234375 0.0546875
6 0.659375 0.81171875 0.08515625 0.05625
6 0.3359375 0.66796875 0.0796875 0.05703125
6 0.09453125 0.2703125 0.10078125 0.0453125
6 0.9109375 0.86171875 0.103125 0.09921875
6 0.5453125 0.64296875 0.0546875 0.04453125
6 0.45 0.73515625 0.08125 0.07421875
6 0.571875 0.3625 0.05625 0.0375
6 0.48203125 0.54921875 0.0671875 0.059375
6 0.303125 0.5015625 0.034375 0.0359375
6 0.19296875 0.0984375 0.046875 0.040625
6 0.47109375 0.2390625 0.02265625 0.02890625
6 0.51015625 0.43671875 0.028125 0.02578125
6 0.42421875 0.41484375 0.01953125 0.0359375