6 0.3625 0.7515625 0.128125 0.096875
6 0.91953125 0.49921875 0.1015625 0.0765625
6 0.6609375 0.52421875 0.13125 0.0984375
6 0.81796875 0.8515625 0.0875 0.1140625
6 0.4234375 0.12890625 0.18125 0.1109375
6 0.4484375 0.2234375 0.1390625 0.0875
6 0.5765625 0.2984375 0.1046875 0.159375
6 0.71015625 0.32890625 0.1171875 0.13125
6 0.6265625 0.415625 0.1234375 0.0953125
6 0.23671875 0.45625 0.1109375 0.0625
6 0.30390625 0.32265625 0.08125 0.0921875
6 0.3953125 0.34921875 0.0921875 0.096875
6 0.475 0.4640625 0.0515625 0.1375
6 0.4109375 0.56796875 0.128125 0.0671875