6 0.8359375 0.753125 0.034375 0.03359375
6 0.77890625 0.578125 0.0328125 0.04375
6 0.7171875 0.690625 0.04765625 0.03125
6 0.13046875 0.540625 0.05078125 0.03046875
6 0.09921875 0.43828125 0.04296875 0.028125
6 0.18203125 0.3671875 0.04296875 0.02109375
6 0.4125 0.33671875 0.02890625 0.0265625
6 0.309375 0.2890625 0.03125 0.028125
6 0.29296875 0.3390625 0.05234375 0.02890625
6 0.80078125 0.36015625 0.0171875 0.06328125
6 0.565625 0.3015625 0.01875 0.04453125
6 0.55703125 0.41015625 0.0359375 0.03828125
6 0.68671875 0.4984375 0.02890625 0.0359375
6 0.4125 0.703125 0.0671875 0.02109375
6 0.503125 0.54765625 0.0375 0.02265625
6 0.59375 0.5453125 0.05390625 0.021875