6 0.82890625 0.23671875 0.07734375 0.07734375
6 0.90703125 0.1984375 0.0703125 0.0421875
6 0.64296875 0.26875 0.07109375 0.03671875
6 0.3078125 0.6734375 0.07421875 0.03203125
6 0.6828125 0.55859375 0.059375 0.028125
6 0.78671875 0.3921875 0.06328125 0.03515625
6 0.884375 0.33515625 0.05625 0.0703125
6 0.94609375 0.43984375 0.04765625 0.03984375
6 0.22265625 0.340625 0.0453125 0.0484375
6 0.47421875 0.65546875 0.0515625 0.0421875
6 0.88984375 0.075 0.065625 0.03515625
6 0.6203125 0.74296875 0.04609375 0.0453125
6 0.49296875 0.42421875 0.05 0.03515625
6 0.2 0.6234375 0.059375 0.03203125
6 0.4 0.75 0.0609375 0.03671875
6 0.4359375 0.2078125 0.04765625 0.04375
6 0.5578125 0.4890625 0.0296875 0.0671875
6 0.35625 0.54140625 0.03984375 0.07890625
6 0.11015625 0.80078125 0.0484375 0.05
6 0.45546875 0.7046875 0.059375 0.0421875
6 0.353125 0.0671875 0.03984375 0.046875
6 0.6203125 0.52890625 0.05390625 0.040625
6 0.4890625 0.36484375 0.03515625 0.0734375
6 0.503125 0.55234375 0.0359375 0.03984375
6 0.53203125 0.71484375 0.02734375 0.06328125
6 0.365625 0.1734375 0.03046875 0.07734375
6 0.1375 0.66328125 0.05 0.05859375
6 0.1828125 0.13359375 0.05 0.0640625
6 0.10625 0.97734375 0.0609375 0.0421875
6 0.971875 0.340625 0.05 0.0453125
6 0.3046875 0.42109375 0.0234375 0.075
6 0.12578125 0.37109375 0.03515625 0.075
6 0.0296875 0.46328125 0.053125 0.06015625
6 0.409375 0.9171875 0.04375 0.06328125
6 0.8328125 0.6046875 0.034375 0.06171875
6 0.98671875 0.2578125 0.02421875 0.08515625
6 0.66875 0.86171875 0.0359375 0.06015625
6 0.21640625 0.72265625 0.04609375 0.06015625
6 0.66953125 0.6515625 0.0515625 0.06171875
6 0.4125 0.38203125 0.05078125 0.090625