6 0.840625 0.253125 0.034375 0.034375
6 0.78046875 0.4265625 0.0328125 0.04375
6 0.7203125 0.31328125 0.046875 0.0328125
6 0.13125 0.453125 0.05 0.0328125
6 0.0984375 0.5546875 0.04375 0.028125
6 0.1796875 0.62734375 0.04375 0.021875
6 0.409375 0.66171875 0.028125 0.0265625
6 0.30546875 0.7078125 0.03125 0.028125
6 0.28984375 0.65703125 0.053125 0.0296875
6 0.7984375 0.6453125 0.01875 0.0625
6 0.5625 0.69921875 0.01875 0.04375
6 0.55546875 0.590625 0.0359375 0.0375
6 0.68671875 0.5046875 0.028125 0.0359375
6 0.41640625 0.2953125 0.0671875 0.0234375
6 0.50390625 0.45234375 0.0375 0.021875
6 0.59453125 0.45625 0.053125 0.0234375