6 0.62890625 0.371875 0.11796875 0.0984375
6 0.67890625 0.29140625 0.0984375 0.10546875
6 0.8140625 0.215625 0.1515625 0.04609375
6 0.75390625 0.153125 0.075 0.0984375
6 0.175 0.34453125 0.103125 0.12421875
6 0.1484375 0.79296875 0.12265625 0.06328125
6 0.08203125 0.70234375 0.103125 0.09375
6 0.37734375 0.88671875 0.10234375 0.08125
6 0.27265625 0.91875 0.125 0.08671875
6 0.5515625 0.93203125 0.078125 0.115625
6 0.78046875 0.82578125 0.11171875 0.08671875
6 0.35390625 0.7546875 0.10625 0.05625
6 0.26328125 0.45625 0.05546875 0.08515625
6 0.2796875 0.18203125 0.078125 0.12734375
6 0.41484375 0.16796875 0.0609375 0.16484375
6 0.75390625 0.4328125 0.0734375 0.14765625
6 0.50078125 0.61171875 0.1140625 0.15078125
6 0.35234375 0.371875 0.10546875 0.11875
6 0.53671875 0.30859375 0.1203125 0.06484375