6 0.1375 0.9609375 0.053125 0.078125
6 0.090625 0.73359375 0.0515625 0.103125
6 0.090625 0.5078125 0.05625 0.05625
6 0.84375 0.790625 0.0578125 0.06875
6 0.77421875 0.6671875 0.0578125 0.053125
6 0.48828125 0.54140625 0.08125 0.0546875
6 0.53828125 0.49921875 0.0796875 0.0578125
6 0.5546875 0.7109375 0.053125 0.046875
6 0.5546875 0.66328125 0.0375 0.0625
6 0.58984375 0.7171875 0.034375 0.065625
6 0.76953125 0.81015625 0.0609375 0.0765625
6 0.69609375 0.821875 0.053125 0.071875
6 0.6125 0.853125 0.0609375 0.071875
6 0.546875 0.82734375 0.0671875 0.0515625
6 0.41171875 0.82265625 0.1046875 0.065625
6 0.35234375 0.8546875 0.0921875 0.059375