6 0.33671875 0.75390625 0.10546875 0.121875
6 0.75859375 0.57109375 0.1296875 0.140625
6 0.6890625 0.65546875 0.0390625 0.0984375
6 0.86796875 0.92890625 0.09296875 0.11171875
6 0.78984375 0.8015625 0.1078125 0.1203125
6 0.44375 0.78515625 0.16875 0.08828125
6 0.58515625 0.79765625 0.1453125 0.14765625
6 0.8609375 0.671875 0.11640625 0.08359375
6 0.7515625 0.45859375 0.13125 0.08515625
6 0.04765625 0.43671875 0.09453125 0.1140625
6 0.2625 0.53828125 0.13984375 0.12734375
6 0.36015625 0.3796875 0.1359375 0.06171875